 H2O[mm] Tsfc[K] DT4[K] DT7[K] DT9[K] DT10[K]
    1.1  253.6    1.0    0.6    0.1    0.1
    1.4  262.5    1.6    0.7    0.1    0.1
    1.6  251.9    2.2    1.7    1.1    1.1
    2.3  264.2    1.8    0.7   -0.3   -0.3
    5.4  277.2    2.7    1.7    0.2    0.4
    7.5  279.5    2.8    1.8    0.4    0.6
    7.5  277.4    3.1    2.3    0.8    1.1
    8.4  281.9    2.8    1.9    0.3    0.6
   10.2  271.0    2.2    1.8    0.4    0.8
   11.4  273.1    2.2    1.8    0.6    1.0
   11.4  284.8    2.9    2.3    0.7    1.2
   12.4  282.1    2.7    2.4    0.8    1.5
   15.4  280.5    2.6    2.5    1.1    1.8
   20.9  289.8    2.4    2.7    1.2    1.9
   26.2  284.3    3.2    4.0    2.4    3.7
   29.2  284.6    2.9    3.7    2.2    3.4
   29.9  301.5    4.1    5.2    3.8    5.2
   33.2  295.5    3.7    5.0    3.5    5.1
   37.5  297.9    3.8    5.3    3.9    5.6
   38.9  298.5    3.4    4.8    3.8    5.2
   39.9  290.8    3.4    5.3    4.1    6.1
   41.0  293.6    3.1    4.4    3.1    4.5
   43.3  298.6    3.7    5.5    4.0    5.8
   46.7  298.2    3.4    4.6    3.7    4.9
   47.0  296.1    3.8    4.7    3.3    4.6
   53.8  301.9    4.4    8.1    7.5   10.5
   54.6  298.4    3.9    6.6    5.8    7.9
   63.7  300.3    3.7    7.3    6.9    9.3
   71.2  298.8    4.0    9.1    9.1   12.4
   73.5  299.8    4.5    9.8    9.9   13.1
   78.4  299.0    3.6    7.9    7.5   10.2
   83.4  299.7    4.3   10.2   10.5   13.8
   89.9  299.2    3.8    9.4    9.8   12.9
   94.6  299.9    3.7    9.5    9.8   12.8
   98.5  300.3    3.8   10.3   10.9   14.2
